  -13
  127
  113
  -85
  -77
 -109
  -88
  124
   46
  -30
  -89
   52
   -4
   20
    2
  -59
   37
  -38
  -68
   91
 -104
   23
  104
    2
   74
 -120
   -4
  -59
   25
  -98
    0
 -120
  115
   23
  -37
   -5
   42
   77
  101
  -39
  -34
  -80
  -68
 -122
   92
   30
  107
  -66
  -41
  -38
   35
 -106
   -2
   59
   28
 -101
 -103
  112
  -76
   80
   98
  -49
  -76
 -127
   38
 -111
  -57
   82
  111
  108
   52
  -38
  -25
  -93
   47
 -121
  -85
  -30
 -106
   99
  109
   25
   35
  -32
  -88
   67
   26
   72
  104
  -95
  -83
   27
   -2
  -68
  102
  -73
  -87
  -82
  -47
  -75
   76
  -21
 -104
   80
  -14
  -84
   38
   28
 -119
   38
  -79
  -75
   64
  -81
   42
   29
  -14
  118
   58
  -89
   45
   72
   -2
  124
  -31
  -32
 -121
   31
  -68
   49
   75
  109
  -13
  107
   84
  -63
 -126
  -73
   -2
 -106
  113
  -93
   14
   66
 -126
  126
  121
   31
  -71
  -36
